7851
1946
9174
1253
6446
5212
7766
6787
3168
788
2259
8982
6584
5128
5043
6165
4465
7244
1441
6566
3878
9764
1738
9745
4850
4530
1759
259
1473
3770
757
1046
5620
5871
437
6845
1118
7564
1644
4797
5721
8331
9806
8976
5886
4623
8149
3073
4727
206
9833
4688
7007
9171
9425
1244
210
1658
8035
529
7125
1619
9493
4219
545
5590
1123
4873
3302
1635
8126
1962
8494
5968
5789
403
3130
9050
6488
2103
9237
3739
5717
2503
6432
922
2496
6639
8881
6299
8131
3367
3185
9044
4181
9152
5973
5088
5949
9969
5566
5937
4090
8765
9051
7260
993
7761
8300
8936
4178
7133
7810
1657
9573
921
6851
1366
8576
5189
4162
6303
4280
4310
7422
7009
1096
7047
2130
4549
4808
1897
6235
9058
5446
9510
2303
9598
6256
1357
8075
7584
8704
6966
7391
2680
5512
4774
5726
188
2824
3102
345
8389
5021
954
2588
8928
4693
2825
5429
1839
8553
5718
491
2909
2556
67
5655
6165
5412
2708
3539
9962
5522
9724
7098
5684
7939
8778
6670
2738
3298
4891
1709
9503
2140
4792
4533
4251
5287
3765
5483
2775
2792
4809
2288
5386
1778
4103
8099
7937
2487
4060
4966
2239
5052
6980
3453
6242
8722
8860
6148
4271
4939
5722
7950
706
4377
9648
9896
5217
1603
370
4814
5190
4682
1732
2091
7438
8152
2783
8246
721
8156
6999
8660
6997
7045
2610
811
9451
9868
3821
8501
1101
7199
9725
1076
8616
2881
1718
8365
1765
3217
4453
6250
1774
7736
1955
5437
9556
4215
2944
6313
2232
458
5165
885
9100
7342
1369
1983
4057
6708
2359
4288
3669
295
9284
8728
9373
3433
6214
4508
9616
7877
9461
3026
6723
9637
5425
7312
2677
9946
8760
5047
4210
4769
6072
3849
7233
2005
2201
4058
2855
6594
447
6957
6530
5098
311
8959
155
421
5601
4174
6517
8703
8015
6572
1159
8063
991
7349
8495
8849
1864
4593
4580
8031
7023
8765
6101
3845
1268
4416
4395
8095
4053
2818
249
1658
8490
1451
3225
7572
4447
458
1642
6278
1680
7004
2348
9510
8681
851
4193
5167
4965
6321
4640
2240
130
985
4291
6319
9713
1938
960
5706
2217
9358
209
1356
1496
181
7525
446
5864
4252
3170
614
7969
1305
1708
6138
4828
628
6586
7224
3928
580
6304
2192
1438
2198
2804
9817
1143
8411
7846
5067
5483
6862
7342
7691
2197
2532
2802
5685
4556
4348
9018
8008
9558
4202
6601
5609
5050
4660
676
1910
3339
3409
4365
2485
9147
4705
9244
5332
3839
5131
8927
3687
4672
8357
5763
703
7827
9850
1276
2020
1470
2121
5738
7770
743
6740
921
8942
81
4573
7629
5290
541
7194
8818
8783
5934
2757
2673
510
2703
9695
3503
2172
5021
2880
2328
27
139
4441
1846
8036
5044
5787
582
3850
6115
7553
9460
1377
9448
9946
7153
4345
3149
259
2203
8333
383
5970
4137
3086
5912
7997
9449
970
658
7064
3098
1574
1533
8022
1840
1695
4060
9218
1731
6329
6461
1823
1077
1240
8014
3426
9305
4859
5046
418
6998
4743
2510
9805
7846
6696
1320
6410
7641
7616
4442
42
1723
2857
2159
6608
1293
6619
7096
337
1683
7812
6901
2945
5644
1823
352
1674
699
418
5844
7459
8053
2015
8392
8124
8023
4085
7571
9170
2680
9486
8147
6677
4737
1934
3001
6853
4778
124
3584
4084
8810
9685
2237
1878
9790
1263
7991
7125
139
7562
8834
9581
5051
2840
8899
2811
6416
2680
4944
5954
4899
7063
7998
4106
8768
5003
9935
8830
5765
8021
1464
4945
2078
3269
4540
9193
6425
5440
4498
5569
8654
2056
2404
8773
20
6147
7528
5466
5477
7564
928
4653
8666
2708
561
6607
4662
7611
3759
261
8525
1170
6442
4058
3933
854
7962
4824
3065
8874
3420
4555
8961
1302
9942
140
4881
8911
2332
6167
2201
6818
5517
4337
1965
9936
3984
3790
3518
4505
1210
7186
2570
8787
7852
5886
6341
1606
5768
503
3932
8632
4077
7614
9331
7876
3201
173
4029
7219
6960
4307
7631
4256
1235
3418
2279
8205
9591
7103
9646
3122
1949
6084
4633
3520
6113
9463
5009
7373
4602
9900
857
6248
202
9302
6873
9208
4160
8965
6963
1596
5794
6498
7024
4537
2889
8014
3752
8211
8821
9658
5428
5695
6523
2437
3190
3274
6798
9204
6755
3359
975
1450
7959
2638
6437
6060
5233
8386
344
1371
5946
1583
8182
6542
5691
5661
2046
5496
647
2689
525
4383
3098
5009
308
736
515
4796
6291
295
5048
8691
4982
8883
5125
1041
7677
7904
1706
1095
8633
2119
3710
4577
6785
2480
5486
3850
1237
8241
2087
7722
3616
5489
8440
8779
8430
940
7279
4020
4061
3646
8717
1860
6245
4443
5269
2952
6272
5921
8763
3692
2539
9855
6197
3932
5015
5706
6971
5811
2889
2576
3088
9563
64
8258
1393
7665
6649
6368
4688
8165
6523
5416
8810
6056
7081
9809
388
2070
2072
601
4988
7412
7966
5146
5341
1310
8580
7153
2241
3377
7980
7915
6884
1956
3246
2157
8575
1919
3241
8053
9156
4598
7508
6109
8636
9376
7899
9701
1403
1252
329
5978
438
3704
2440
7418
6887
8296
6128
5547
3411
5540
9427
1100
3536
8972
6648
2261
2717
1665
6835
525
4521
1449
338
4240
1955
4917
9822
3194
6788
7478
2449
4592
1406
5703
2823
5849
8252
2266
3991
2736
1773
2858
5193
922
9834
8350
7920
4010
4016
5811
5244
4048
6799
4984
6493
9572
4337
5756
9535
7718
4989
9819
4596
8281
9604
837
6500
9196
1420
1520
38
1083
2607
9250
6127
7858
5481
348
3278
6272
8400
4597
260
8302
6475
8740
5888
923
2694
9809
1362
756
5636
5416
9150
9781
764
9559
1038
9578
5884
4663
1621
7939
669
6173
3524
3982
579
7095
7259
7742
7701
768
3434
2510
3338
9414
3747
3541
7958
9572
1567
4239
4541
8466
4008
154
7644
5221
7331
5198
6616
9255
2626
2173
1332
4180
1422
8086
9392
7463
2835
1645
6756
4390
7828
7006
8849
4510
9079
1054
5942
1748
9885
6633
7480
7214
4747
7033
2455
74
1212
7010
2091
4707
4628
7784
2397
6861
8612
993
5401
2433
6864
3775
2406
6293
743
1255
1052
6747
9759
6985
1350
1758
3272
7726
7774
3956
4635
8690
3696
2404
8550
4338
7333
4444
7143
9576
1567
2171
5385
6059
2654
5977
5907
8838
9421
5147
2429
3313
7024
221
9206
842
9964
8126
6892
1106
2653
3051
7489
8923
2414
9801
8818
4432
7014
2323
1985
5910
4582
6135
0
9880
8398
6451
7389
132
8335
3169
5765
5734
7862
3327
9665
3777
3981
1758
7323
9334
3407
1932
8389
7761
2862
3557
2139
974
3584
8306
6723
3519
9023
3939
9884
8188
2000
3484
1110
7535
191
5471
1920
2924
1209
3438
7089
8811
5528
5098
2992
6818
4333
136
7245
2992
2588
9204
4809
6528
5444
8396
2238
9396
8777
3401
2552
1941
5167
5387
6114
8817
3209
8030
6989
4939
6322
8341
2627
634
3332
6165
6836
5375
5467
1335
212
7512
6924
8178
8295
3935
157
3825
9389
4758
4165
5834
1258
8616
8440
2063
7906
9277
6358
9300
4604
2726
6679
9437
5707
9980
7556
2480
6192
7496
4102
3376
3957
7494
2896
5618
6714
1656
7695
4506
9768
6070
2741
9275
371
3687
8989
8426
1018
4691
4852
449
9525
9815
5118
1685
3724
7556
7801
9866
4909
2296
101
1331
7780
6371
7553
9300
7783
8057
8732
1735
5567
8148
5743
9116
5478
7312
4692
3328
1932
2588
2550
9234
7205
5449
6527
5322
3332
2561
9271
1141
2690
9172
9997
8552
8585
9652
5693
4699
2248
9639
2971
5161
3546
4327
5217
1101
3213
1195
9505
8996
7349
6846
6280
2510
4332
4166
3060
4322
8333
762
2102
9683
6662
4144
4879
736
3699
5545
2026
1191
6792
8216
2506
9005
8093
8702
6809
1718
5813
668
5118
5974
2816
602
7068
2365
5350
6824
6904
6631
9168
7146
8852
2890
166
3901
7072
7994
6552
6409
2731
4381
5412
2040
5237
2540
8399
5440
3204
968
5402
6948
3903
8572
6698
2488
3289
895
9950
8066
5575
1144
9013
8137
5164
514
3780
2539
602
9936
199
6023
1439
9567
4285
5862
3306
9829
4723
158
3250
2515
2998
4598
8151
5828
4505
1188
724
8607
6546
5241
4762
6451
1477
8393
8581
2877
3569
5987
451
8752
3697
7677
4624
1334
5098
4951
1587
3722
8766
8377
1731
6228
7250
9184
596
2970
8571
3309
4541
1460
6723
3761
3702
6334
4894
7164
534
3979
1554
9145
5607
5314
6334
8081
1414
4289
1859
8049
1209
9109
3142
6042
4810
8091
7898
125
1229
8396
8082
9579
8179
1530
5660
3909
8101
7026
8224
9222
6493
4479
3414
698
888
3273
4713
2095
2809
9915
6190
4275
3115
428
4957
7115
6137
2514
8967
3740
5404
1150
4460
4363
4155
6318
3532
4085
5588
1227
3556
5366
9277
9562
8418
640
2576
6174
7680
3280
5319
4572
6090
8973
6666
8441
8478
3236
8617
2007
6676
1486
8227
3915
7092
3498
1781
1683
2892
5511
8713
3873
206
7496
531
6694
6569
5488
2820
2572
4106
5273
4012
3623
3173
3508
8280
1254
1916
455
6844
9256
7083
8399
239
6510
4417
5450
6793
3415
7022
3364
479
4671
5420
3250
5372
8251
7996
6187
7842
4161
8528
8972
9977
6692
3393
4002
5114
4605
3305
8037
5204
6568
8456
6722
9386
4897
5362
788
7902
2431
4264
9367
7422
2387
6685
5220
5191
4037
9548
3721
4925
1907
9632
551
7205
9058
6231
4022
8779
6408
479
4334
6631
7702
3363
9735
4281
690
6127
4984
5247
8614
3330
823
5217
5890
628
9737
3621
8683
3639
7406
3194
5190
6589
5296
3879
4185
7372
6208
4101
549
159
4727
7041
7090
5494
775
3749
6182
7326
9532
5777
8280
4586
1087
1834
6959
3529
223
674
8928
4299
889
3181
8954
8249
2248
3077
2373
9851
7849
7915
4949
1134
6642
413
1431
6216
2458
7666
9868
6476
6379
530
275
2314
6496
3230
9843
8429
111
39
5785
5467
840
186
3866
181
4687
7898
558
8677
5404
2903
8875
6545
6633
9554
8672
5840
1087
4088
7486
843
688
8841
5711
2946
4732
6577
2582
3841
349
4539
6587
6499
3333
6420
4478
4565
1414
5991
8230
3932
2967
1466
4518
278
4535
7512
9373
4623
1263
7663
3560
5629
6916
4459
6331
4282
9636
6033
5085
9064
6453
4763
1918
9911
2932
6942
408
7937
3873
8503
4492
7352
9676
4642
7824
2447
9693
4657
5456
8502
5689
4338
8449
2523
3210
8570
6507
680
7471
6048
8965
1097
150
5851
2426
6343
9464
4384
5511
1784
4081
8446
1253
7380
1075
1054
3580
8984
4251
6435
1328
4542
5170
7355
5915
3597
9128
4748
3872
9221
9620
7215
4132
8153
580
7449
519
1753
7492
7462
76
993
8380
3468
7546
7695
9413
907
9766
335
8523
6771
2401
1120
3803
9530
6183
5549
1678
812
3584
1856
6741
9653
7144
4780
72
1830
1943
1835
3482
8283
1020
5151
2017
8047
9988
4220
7888
15
6156
4251
3423
2150
5980
7831
4374
6827
9520
9312
4676
2594
1223
8523
9359
8936
6318
3576
9489
5172
2243
8666
5667
3432
5093
7692
9532
90
4364
5607
3844
8872
2184
7681
4976
1353
9548
123
8935
8220
5321
9997
6426
4632
9322
6248
9905
9556
8593
8514
8145
7005
3111
4578
1602
3855
88
7904
5977
6958
3353
2194
5908
1765
9063
2773
5892
5860
1419
3659
9591
6840
1696
2200
720
2764
2527
9215
1205
925
3159
4860
3291
2825
3607
8257
8416
8527
9066
778
3951
5896
5377
8446
71
916
1162
1965
9213
5920
8788
3402
4470
7421
570
5658
6163
3646
6396
4819
6407
921
6836
700
4173
4862
1275
8068
766
6914
2580
9717
1455
3875
9595
3866
9717
674
1646
7192
9028
7279
8153
2428
3900
5018
3294
6252
8804
6182
4822
689
5361
1966
6215
5062
5656
6024
8131
7608
1476
5218
3915
7091
5566
1861
2014
7383
4599
6741
7367
8183
3262
3577
3128
5471
1769
35
1754
7366
3107
9862
1101
7696
2435
4653
1557
7648
6424
1995
6541
8483
9874
1415
2325
7649
6935
8482
7747
225
3755
5433
8018
4863
3534
9406
4632
2184
7093
4526
9998
6596
6225
5021
7620
3929
787
3900
7448
5158
6747
6504
9981
5315
2833
4082
9293
9772
106
8119
4398
2254
7373
7991
4542
8860
7084
9037
8463
5136
766
4788
1366
2812
608
11
9188
4652
8073
2650
5212
9218
818
4756
3672
7973
3496
8
2782
9592
4646
8414
1579
6791
2603
4921
1797
9108
5771
5804
5259
7533
2517
5253
6124
8569
9918
286
4993
3238
8609
8113
2085
920
8663
23
112
6031
2699
5604
4511
2952
2109
2177
1561
8910
8308
5375
485
6558
7140
7154
7837
5660
3059
8656
4615
2873
3277
4396
4193
8079
6968
5539
2141
6947
2617
8406
4476
453
8096
7093
5221
219
3809
8725
6057
2214
3769
6577
3335
2982
2565
369
914
1060
6424
7497
913
9292
2826
1905
146
469
8030
4535
3982
2311
3377
6757
4911
7505
5972
4489
2963
8954
4421
9623
4141
9079
6325
8280
542
8887
7453
3940
8217
7430
7511
1799
1979
4429
9611
8218
8262
8472
8479
2923
179
4689
617
8765
2704
9893
755
4376
9389
9426
6395
3845
6296
9384
2969
7268
9466
5527
8526
9614
1967
7246
9811
8141
7337
1737
2782
1317
2501
1755
4734
3131
3480
5360
3178
4207
7339
127
7218
6463
9048
7987
197
7346
9594
2711
882
6894
3590
6015
3171
98
9756
3120
8342
4993
4247
5691
7121
5423
5489
2407
2340
6129
4766
1747
3831
6362
1436
1111
387
8932
6693
3287
5369
2049
9014
9027
1914
6658
5732
538
5858
7436
3797
8877
2770
9336
3394
1306
3882
6558
7278
6731
1795
7897
7772
6553
3605
2594
572
8963
8133
7582
7594
349
7406
9245
9891
2836
6010
6825
522
674
6635
7041
7563
5362
5729
9564
76
4017
9958
5035
7738
3014
5820
3445
5561
8510
687
3088
2981
3059
1465
3752
5865
7494
5453
2413
6492
5814
8585
3079
1125
7814
6680
2397
4809
5969
1334
9688
5908
4898
365
9850
7572
270
3087
3353
3759
9716
8892
2764
4147
8302
7518
6041
5784
1116
5829
4442
1732
2916
6841
6219
5236
676
5941
5422
5971
6906
8895
9815
6030
6241
9043
9996
2980
2963
3377
7870
5549
4587
709
1342
1265
4621
236
809
1141
3309
6366
4282
3022
6962
26
1895
5320
6929
7833
7497
6954
7177
6819
7931
6825
2483
2988
7688
8936
6707
9193
3536
3417
5399
9906
6583
2601
8693
3749
6476
7577
7347
6565
7995
9245
6699
8647
5380
8121
3917
6008
6158
5301
3293
1712
7959
9140
1487
4690
8502
6118
9938
8817
7356
2659
9440
8714
5684
6723
2897
3447
6606
2936
6011
8584
9230
3868
3339
7620
6380
8416
3482
8199
2450
8743
3714
7674
9116
2018
1174
7904
3429
6456
6569
5809
3499
1651
2761
4582
9843
6618
6487
9748
6777
632
7776
4031
4110
9191
574
8370
8888
2042
5890
2135
3953
1134
8013
791
1553
1943
6501
1734
7843
2321
4615
9955
7551
3868
5522
1496
6986
3695
3999
9562
242
1012
5841
1590
5527
6718
3067
4876
1076
3166
7861
8516
8460
768
5768
3822
3289
2580
1800
8039
2381
4340
5802
4657
3298
6665
3955
871
7659
6666
5879
452
7386
5736
5014
462
1859
8673
8422
8657
220
827
9694
6074
3329
6077
180
6080
3429
37
3463
7161
740
2851
1144
5770
7046
1817
3909
7018
9081
315
6341
2485
3959
158
1450
4625
5097
5640
7625
7710
7672
9720
6503
3689
5494
3716
1416
3511
6674
8624
7979
6969
9387
7988
7503
6888
4492
2816
1014
2172
2369
9143
3449
2785
3112
8721
239
2917
3385
5339
8969
4390
8867
254
8544
4588
7144
4028
4688
3962
4121
2127
320
230
4182
3395
125
6066
5117
3922
2436
6100
7915
906
6429
7778
6207
8358
5846
9940
2981
7536
451
7231
3368
2855
5652
7606
2060
8890
8041
2655
5352
5585
7686
5295
8917
8580
6146
8996
9134
5979
5235
5273
3937
5021
5202
8130
7432
4896
402
2779
4622
86
5643
1722
9955
1535
779
521
7624
6947
4886
2846
6805
2576
3597
5104
766
4894
4086
3626
1967
3983
6330
6610
3193
872
7151
1385
7193
7472
4845
8548
9307
1101
8049
5021
1745
1716
7623
456
7482
1225
6247
6684
1447
3014
7333
9522
7654
152
4308
1222
1268
1408
9061
794
2851
985
6108
7297
9301
5961
7917
7755
8501
2266
8926
9612
6363
7307
7375
6356
9884
4124
7740
1266
4723
6450
3730
5977
2533
6874
5463
8877
1477
6296
1350
154
2535
4091
8571
852
6945
6403
8011
8479
3742
8272
3592
919
6135
2050
9554
8535
6675
4804
6277
4885
1804
5881
8331
3436
9581
9176
1904
8464
920
4096
471
6123
5525
3077
2146
7995
2458
9442
2865
6381
670
7392
1205
3852
3342
112
1952
287
7957
3942
1498
8475
1117
7071
2880
4695
7305
3275
7080
7040
6443
2268
9414
1262
8126
2806
1217
9044
5864
6774
2111
5525
2465
8187
3022
3307
5489
944
4674
6572
7418
880
6927
7251
9172
8373
6173
1982
3570
6642
7909
3685
593
1639
9859
857
2199
2838
4843
4803
7229
603
7683
5023
7703
7342
4129
3607
5635
3389
3286
4775
3316
8150
5857
7543
1665
6064
5260
892
7528
781
5123
7796
6324
9522
6741
9081
5860
18
1876
370
7782
1102
7058
6500
7624
3640
3657
1890
2746
4059
6058
2531
135
8388
6962
3828
5887
189
1998
7635
3472
2638
4592
3820
4262
9592
9425
4738
7337
5955
8315
1641
4840
6881
4369
7378
7813
3064
8461
443
7097
4957
316
7620
5901
8626
4631
951
9406
5906
9955
4609
1602
9652
4623
7438
7485
3515
4480
1563
6997
4381
1879
9504
5517
3470
4356
4986
9299
35
5292
2979
5705
5369
2887
4936
164
6968
9035
6554
50
5345
6667
9286
701
3429
4239
8186
8868
9338
5053
8100
2533
3396
8810
6739
4218
4802
4175
6479
4064
9781
6432
9863
2811
3003
9655
5522
7643
6649
915
8685
2174
4974
6245
1427
7726
7053
7431
3532
5942
1642
1849
2153
2313
7590
7899
2601
8932
2705
8054
9589
9967
6841
3808
7277
390
9395
9210
2680
2537
2478
6099
3614
4213
3468
7335
3611
9322
1034
8386
9389
8312
8443
703
4800
1904
5057
6745
109
1302
9408
9806
9191
87
4698
6592
5340
3709
4566
5602
145
8494
4662
4749
8836
2533
5094
1429
89
233
2882
2699
2078
2603
9856
1767
8983
8745
4280
5235
1023
5493
8046
8187
4687
1467
1549
7266
161
6921
5942
5201
7339
9254
5015
327
6278
6558
3597
6524
8954
3645
5315
9547
6733
9948
3519
5289
7664
9997
5907
1252
3517
846
6180
115
3218
8290
7204
1168
4850
3693
6526
2649
6683
4946
544
3291
691
203
1594
1143
2631
8427
8104
9858
7160
1017
1771
8993
6556
8548
4411
3610
7555
3320
7321
6728
3687
4456
6124
4519
4463
7885
7337
922
7989
9057
9429
4522
8250
4578
481
3693
1698
8303
8547
5439
2128
3581
5588
2068
6421
2187
4625
7215
2951
726
5463
7305
6606
574
1580
5915
9903
9252
9091
490
4921
1060
4373
3473
334
6996
5844
2187
7007
7922
5578
4095
3115
7616
278
752
9939
940
8167
5455
5131
6748
7623
6032
4770
377
5962
6312
5757
9201
8162
2580
8521
9708
8345
6042
7515
1261
3378
9310
5147
850
2505
5714
8496
2954
7938
523
8147
7574
4745
4813
3591
8752
9389
6620
9739
1541
2201
2469
7082
1579
1779
1535
2807
1992
7699
7177
8735
4247
314
7843
2213
4479
3388
4335
9180
4458
1657
9881
1451
6257
3345
6707
8049
4385
8479
9782
9150
5923
1344
8886
139
3495
7495
1287
7450
2762
7678
3206
681
3769
7356
1430
901
6842
8041
1187
684
9750
6491
749
203
4390
8300
1560
7286
1966
1301
8547
9846
4212
1245
3201
2068
1195
1909
916
2508
15
5305
8893
2353
2742
6119
5703
5922
348
674
3714
6661
4470
2184
455
9853
2599
5248
93
5695
9662
7527
6442
1822
9996
1395
81
4511
5962
3642
4322
238
844
4649
4219
9829
4624
7086
4758
2734
7427
7163
5564
8868
80
2658
336
5672
7893
1964
6847
2516
8455
7674
3512
8001
8237
8893
8571
6180
5065
5582
8996
8979
3050
9481
5892
6226
5156
3064
7983
4602
3097
5959
2564
8582
9198
7247
5926
2038
4985
9081
929
8766
3898
8689
5200
4816
3171
532
7940
9367
2741
1374
8889
4100
7423
8307
8581
1854
5384
3149
2230
2968
9433
7621
9669
4462
3482
8705
3757
1302
773
5693
8984
6870
1658
2545
9075
8627
608
6039
6982
5406
6219
1175
6384
1026
5684
6788
884
9568
977
2200
4352
6149
6961
7986
3886
1850
9045
2955
9757
7218
6998
4837
5402
7984
1850
2845
4415
2946
9661
7426
1813
4072
1781
1666
8375
5324
9089
2542
1008
315
2828
826
9080
1353
7957
9977
8175
8527
4412
5611
4249
7945
6047
3867
4737
2013
7165
4431
9632
1493
8874
9493
7131
1934
5867
5320
1439
4871
2701
7326
7192
3869
3946
869
7255
5012
6670
9038
1331
1908
6017
248
8555
3617
4940
4697
1368
5324
9775
1006
2565
2064
1777
6451
5959
4647
6212
3931
1115
9084
326
1606
7845
9777
7638
1406
9414
6442
1450
7197
8833
2681
6238
3433
8198
3492
2464
8937
1374
1156
2035
5757
8607
6223
6850
9686
2865
8190
8025
1395
284
219
5108
6502
6414
3484
1981
252
9727
9818
3794
776
9679
9897
8969
1513
7709
7658
4482
2914
1641
7727
5979
9991
1697
9813
6894
1646
5653
4053
212
756
1647
1752
792
8127
5982
2662
5578
5976
5281
9471
9308
6721
4195
2503
7736
4162
2029
8320
2401
7564
1200
9030
6593
4777
3154
9291
2833
873
536
3365
6628
507
9312
8816
8654
9297
8588
8733
9613
5420
5724
3504
5577
2568
7817
2314
1347
9689
9522
5653
9810
8216
9783
3330
3884
595
3370
8877
6911
3162
5784
4973
7378
5142
4472
5718
5088
3632
4273
8588
1180
1727
8250
731
1957
5048
5852
3443
2085
7091
1582
3225
2269
9261
8607
4354
8741
9997
1350
3529
317
3845
8848
2456
5151
4980
198
5520
4862
7035
4860
1496
2917
7881
2943
5937
6276
2316
4216
3166
1434
9883
3846
7992
5281
8690
8394
178
7576
8269
7105
2734
215
6224
1963
5096
1595
234
318
6698
5038
1559
7450
6219
3919
748
3473
8451
3446
4817
1151
9233
8355
6670
4006
9863
5408
7537
9605
4806
765
7105
1895
124
1198
1124
1219
7790
8730
4343
7411
1862
4552
6650
2651
3308
6943
630
8140
9048
998
9786
4912
8633
5090
3482
1221
5834
9570
9178
9908
7450
9866
6289
1330
3907
6145
2584
4125
4900
403
1563
4894
3553
4464
2778
2536
7610
6902
1327
6268
168
6526
4382
2436
2792
5510
2871
2137
3692
7491
3540
3870
4496
8639
8385
6310
3123
1497
4677
629
3064
8779
3813
8217
2110
3866
2450
3320
5955
5648
5699
4957
4454
2041
2444
3983
4225
1002
4760
8502
294
2321
1170
9878
9177
2844
1433
6830
4717
1952
4473
2632
7935
871
1780
154
601
6460
3606
7768
5052
8045
1749
1183
6611
248
9898
8764
9633
8896
4050
1386
9410
4420
2200
9282
3933
3834
4652
3630
6434
9564
6117
6972
9878
111
5283
5198
1836
2794
392
2332
4569
4327
4202
4245
3587
7728
3779
6528
4438
8425
9990
7001
4137
3299
5194
2771
466
938
2154
2694
534
2265
1059
6879
3606
7960
7892
8056
2435
3167
6328
4008
418
3755
6597
3572
8073
43
9898
144
3775
9236
2303
9124
8892
2733
870
8967
2498
7626
9664
7606
3327
6796
9406
6917
6764
554
809
1252
8980
6197
4844
1924
3227
4547
8887
6880
321
3747
4136
4145
4916
7425
9062
3118
5961
4036
5712
257
6216
6470
9251
4758
5529
1054
7405
6393
2457
5395
1001
6821
1230
8050
2211
8657
7011
5114
5547
3669
3288
315
2372
4259
6150
4126
1335
6562
1633
2499
467
837
3415
7896
7058
6401
8438
850
6066
6253
723
3074
8596
7111
7411
7336
7851
6270
3041
1574
9185
9091
6097
6987
4047
2910
7104
1626
9584
1475
6892
1989
8512
2000
2342
7713
9050
6559
929
6088
5915
4441
3953
9037
8535
9690
6568
672
7025
2078
3903
6559
4670
3154
814
9525
4351
5698
5509
2028
6816
3144
7687
2720
9119
9634
1222
8445
9764
4785
2271
1351
2879
4749
1255
391
1482
1346
2997
3898
910
9147
2758
4310
8757
283
7553
1880
59
3855
5412
3451
3502
555
9769
7181
596
8953
9496
9445
9068
2776
5764
5905
300
4131
6764
2746
8990
6191
7742
3971
9057
6507
2790
7063
230
4232
2900
7782
3983
7681
1833
8764
9244
3425
3103
9232
8306
1464
1739
796
1932
8834
8196
8113
2093
3504
6896
2099
7928
2877
2164
6516
9231
4104
1856
7721
5544
3352
6650
9235
3067
5949
6869
1869
6207
833
839
1360
2580
9143
9285
6009
6197
5182
122
9269
2025
7016
1549
6756
9162
5893
8578
4035
9632
7470
7329
3817
4983
1202
1874
6930
5114
6292
2240
6511
9305
6458
7869
5105
1500
849
4541
8501
3360
3128
1956
1842
4131
4801
4248
4289
5501
5985
2964
9798
8506
7123
6137
7768
4316
7517
3298
7576
9141
1570
3283
2639
8146
5412
3940
9644
3580
5964
2995
6868
7368
1088
899
7136
9267
4198
6238
8540
3888
4665
4745
2375
6128
7697
4991
8413
6973
4529
9009
3135
4371
7204
9391
5295
5736
7679
6349
3544
5311
256
7928
3947
6411
448
3666
7360
2790
4461
9515
1659
6864
7822
8639
5854
4178
1790
5823
8844
1718
3634
481
6982
2857
4493
5898
1051
8937
3156
7196
4673
8608
8971
2809
4662
2732
4292
54
7116
8372
9931
3814
6182
8276
3441
3574
704
7494
3544
1401
5525
835
7417
5910
1972
738
4909
2405
6982
5686
3292
222
3286
3126
2148
6396
7665
5441
3970
2316
9306
2950
6697
2531
2145
8257
8417
3684
318
3208
6956
6154
3700
3823
2022
1889
5424
3128
361
2556
7173
3975
4330
2202
3260
8464
7168
5527
5764
1334
8526
5360
437
7805
7725
2599
4245
2448
9475
6365
8209
2269
3903
7186
4090
1593
4882
8383
6017
7639
4446
258
1777
7578
7153
3923
6506
1255
3519
608
137
8723
1968
2771
360
777
1468
3302
4030
491
3189
2412
875
8342
6907
483
5878
6180
2787
2041
7603
1535
9665
7348
3596
3549
8729
5718
5540
2130
4799
8793
3338
9279
3402
3652
1405
4610
8949
9037
2138
8772
103
3211
1328
9098
1620
7322
988
957
5323
2817
4930
7518
5629
7699
7216
6468
156
2582
9214
7573
2936
9864
6097
2868
5007
5278
1947
6432
4328
1029
5567
2425
7956
20
8286
4880
4031
5870
4645
6360
8641
8915
6286
3152
3226
2780
5674
4450
6314
3854
6621
1657
9642
9807
2895
414
2863
6584
9370
3365
3935
2975
4990
1598
9003
304
6028
9753
7412
2979
7229
6121
4595
5058
8047
8915
9779
3653
9661
1908
2114
2464
4154
2661
84
7073
1345
9752
5640
7462
7457
9271
8787
5649
7101
6962
6444
6151
9915
9941
3978
1178
2421
9007
223
9071
6149
9883
169
4425
4272
4081
349
8761
736
9566
3795
6550
349
9501
6125
8880
3187
7631
5580
5446
7014
9498
4952
9753
2575
4643
6281
5863
6630
1067
2581
1789
9465
6052
8946
2132
8290
8308
6149
3904
6209
3448
7799
6219
2050
5938
610
8830
7952
5552
1157
1866
5684
9526
300
960
5751
4233
3331
7672
4715
3387
3928
5282
107
6287
8404
8085
1009
7072
3035
7824
7891
8734
6971
1508
2573
7885
1127
9083
8180
3915
5453
8956
7380
9999
3091
1901
2814
841
6434
5068
6996
357
2265
4403
5630
910
7644
5644
1597
7794
5575
6755
296
9358
6619
2341
6554
4599
5540
7775
383
8643
7913
5682
2194
9055
1595
3680
6937
6320
9772
2109
2552
3436
2222
6656
8160
7911
7605
9449
6001
4389
3644
5345
3016
4789
2290
7886
458
1674
480
2809
5605
8119
2394
262
8582
6822
8678
135
9940
2593
694
6417
3807
5437
1301
5383
5428
7807
7076
1096
6384
5575
3281
8320
1770
947
1816
3993
9686
9945
2138
1077
8300
1722
5538
3432
957
1487
7841
3680
6792
9388
4745
2339
7408
309
6468
1270
8725
2118
4686
6250
8107
4946
9153
6737
7617
1001
4565
8332
4470
2409
9911
8501
4610
4501
3622
5662
7309
9616
3354
8202
780
4344
418
4309
6393
3434
6092
7178
2768
485
1863
8210
9252
7798
3616
3793
9326
1048
2943
8223
9561
4143
7889
5902
5068
2985
2885
3318
1867
5740
9498
4039
4341
516
8626
5399
8641
7429
2247
1290
2478
1418
1782
2921
7673
9716
7381
5213
3923
5678
1098
6160
2701
240
9211
5677
6704
7122
8335
8769
7809
6193
3900
25
560
6248
1914
6067
6620
8454
8354
3580
1675
1680
9274
424
600
1915
6777
9203
392
8416
5872
8038
6890
6745
8254
4309
9577
3351
6025
9440
4999
2208
9980
7603
334
2439
8384
8106
3420
8035
7182
603
8687
9298
6727
7758
1773
8343
2621
975
1541
2056
4966
9066
1434
9600
5685
5685
2712
3809
3814
804
7768
7270
3494
2015
189
2189
5357
8779
72
5384
4196
3602
3873
5212
951
8304
1117
9540
5688
6846
9038
3867
7336
2381
6789
6606
1365
247
4457
6668
5601
8331
7735
3737
8173
5552
5777
7821
7752
158
9161
5234
1259
4940
4057
8553
6030
2576
1958
8253
3779
2901
6603
691
818
5353
8192
7377
96
4952
2246
2607
4030
3371
6668
3701
5477
7887
6026
299
6203
8649
9728
6185
5685
7851
8879
559
7142
5453
775
1812
5393
3231
6371
8921
1972
8593
3080
6316
5228
9060
6788
2415
6684
7990
4379
9121
3438
8465
2956
6016
9890
9723
8456
4546
9647
4506
4061
2115
360
4866
4495
6264
5003
2738
3416
4354
3162
2647
7300
3589
5113
739
5659
731
743
3746
6664
6211
9609
5974
2162
5975
9108
2836
2150
8697
4926
7410
6583
9937
3427
6916
324
7258
4931
9515
3438
6945
1856
7392
5104
9115
7414
9490
1317
910
1126
9415
8278
9082
3120
9882
8960
2343
2552
1543
6504
8953
8025
9107
6780
6381
2514
2454
3117
2699
8823
1791
8616
5422
7156
9124
7938
4556
6260
9392
8518
6027
7107
2657
5950
7641
827
9043
5193
7397
4340
3809
6159
7934
626
5213
2343
7886
9946
91
5288
2151
1730
4447
6624
6799
8551
340
7021
8322
7260
8173
6167
1013
2409
635
6439
4756
2565
2374
1709
9846
5752
7521
1045
6450
400
5772
9245
7050
7908
662
4261
7999
1783
109
7814
5769
1902
7224
4702
8578
5361
7093
8559
922
3775
4569
4628
7673
508
6606
1495
3543
6701
6183
4020
9885
7173
9921
4570
3342
3129
8135
2457
3373
8484
9802
5555
8973
7645
9813
9622
9261
564
6650
1054
332
3007
3245
6653
8686
7623
6101
8479
3569
1929
9822
4789
94
9433
8887
6267
7444
7544
1961
4818
1829
2577
8180
4749
9162
6233
9876
654
4105
6488
3112
5152
8881
7500
464
3078
76
230
9738
6999
4711
6934
6073
5122
7810
6205
2299
4813
4223
9925
5873
8880
3778
2543
8325
3497
4233
5790
1474
4634
3677
6785
861
7994
7930
4232
1438
7107
8300
9661
9879
6927
7317
8615
6470
351
551
9259
2818
1784
9344
3496
8132
2371
4693
2681
1115
2939
6152
7007
9219
2885
413
4410
5561
1266
3365
2243
3130
2828
2438
8025
8389
9467
5533
5650
2931
2163
1043
684
4095
353
4507
4526
8209
3362
50
7797
4167
256
4762
247
9239
1526
6668
8738
3150
4523
9527
8589
3540
8509
1902
3070
4745
8613
2927
3600
9437
7678
1146
807
7039
2691
6320
6887
4925
7945
2047
9493
5342
9830
1467
9896
7820
570
775
5537
9643
7929
9279
2770
4939
9920
8401
7147
1199
3269
493
9735
3902
9824
6287
1465
9415
9286
3810
7603
1028
458
3067
9058
5828
7579
7804
924
2756
6815
6103
4791
6768
9405
5205
4633
6041
8705
7159
5279
23
5034
2037
2596
5246
3986
5409
9628
3756
5181
9558
8366
9217
1247
907
1962
7791
3445
3901
2681
2395
5521
8137
1371
8407
1194
6935
760
8131
783
2400
7327
7815
6655
1948
1271
660
5960
1415
6373
8600
8114
9472
8029
4611
6965
761
8948
1593
7055
1807
4919
7368
5875
4550
3565
2873
844
9616
4320
128
9798
2084
9262
1884
6139
350
9408
8063
6187
7130
6213
8040
3586
6193
1085
8667
8413
8961
8727
7587
1538
8714
1037
31
5249
3295
4450
5996
1597
8502
3409
7599
599
6900
8533
3700
1533
640
8949
8760
5276
1767
1771
4604
1830
1130
7108
9539
917
3478
7280
7474
514
5062
3558
6587
7241
3697
1128
34
7201
4685
2860
720
7767
8525
8545
4414
1364
4403
8594
5293
5823
2901
8815
448
1708
136
6183
3880
2249
6180
8750
239
3242
2518
6827
6909
8516
5561
6797
3404
6127
6961
4530
6173
4174
2129
7231
7453
5745
8718
1988
9483
5509
8951
6635
1871
6508
7803
5305
5101
3079
1845
2948
7649
2929
6849
1940
7063
9419
1277
693
6232
207
4817
1070
8001
4588
8150
4725
3178
3149
837
637
5675
6497
7170
8776
2154
6665
5407
759
3060
4978
8933
4450
4327
3217
671
8896
9519
3396
5943
866
6724
2682
7564
8160
2399
9308
8317
5144
621
7840
5255
6548
4176
6111
2141
9125
7711
4391
7470
1475
207
944
7123
8306
7398
7815
1080
977
6059
188
490
4819
3359
669
4597
232
1452
2849
935
7467
1284
2970
8159
9604
9881
3806
9786
8343
2573
5221
1966
8355
9169
3483
6593
7341
695
8309
7172
6356
8385
7827
2817
2992
7900
7036
1786
4661
825
2659
430
513
13
4349
4262
4650
1106
9430
1876
5657
6177
1475
9151
4589
6788
5220
4075
6060
8549
5130
2438
1931
1416
8411
1932
103
4226
6693
9002
9440
6387
2875
6147
7025
7945
9861
1016
3320
3608
7770
6051
994
9490
2629
4037
1930
9589
7051
652
6161
4138
6689
7051
4382
4285
2673
103
9335
7983
2300
3779
9325
4787
8120
5409
1855
2516
9563
5211
5585
4802
4392
6355
2477
4442
7605
7486
7965
5712
8834
6325
8643
7412
1674
5024
3461
4027
8338
8013
4379
2060
4387
6102
5460
2980
2341
5834
9246
9550
1438
6957
6028
3175
7766
9267
4261
1687
3969
946
9343
8276
7619
6330
7514
7590
9512
1264
2501
6969
7273
7932
4328
2879
886
9332
3477
1686
7682
1906
4223
2408
7809
6048
9840
7897
2683
245
9731
1678
9053
9815
5996
5190
8417
4219
109
5221
3993
3496
1160
2807
6417
9883
6418
2508
1082
2264
5076
7806
8396
809
3080
3219
7428
5706
3557
3619
9959
5783
5047
4068
7982
444
1326
418
2513
6689
8999
8819
5063
4082
5382
6385
7508
5828
1626
1600
8970
7319
8078
776
4804
2517
7968
1172
8220
8714
5505
5480
7430
5969
8039
429
3615
5761
3376
1680
8305
5185
512
1071
3776
6712
9596
2165
597
6856
8120
8139
1039
9862
9953
7869
2280
9138
592
2879
5694
925
988
9292
7232
2551
7456
5288
3411
4543
1970
9599
9698
9242
4847
9610
5410
2987
6130
6395
6348
8379
7554
7021
3454
3661
9830
3444
287
8523
9997
9813
2018
7159
7193
1938
4380
7513
7566
491
8192
9306
6834
3301
7028
6599
2794
7362
5755
3877
6857
1971
2134
8336
9219
5445
3666
7476
3981
7136
6443
7124
9469
7816
758
4482
2821
6952
1621
7164
3109
7878
7838
7842
1696
7450
5521
5064
4056
7460
5553
1064
2072
996
6913
3407
7048
9128
1428
7778
9779
5996
635
7122
7531
3670
2282
7863
7456
303
5589
6721
9597
5289
8881
3374
9356
5738
6306
1141
2168
7733
8111
3177
1587
31
9901
8234
4470
4342
4228
2603
3136
5572
4164
2797
8034
3749
4826
3222
5641
1366
9243
415
3970
876
9024
8358
2739
5811
4951
407
1025
9762
5074
1892
3056
3045
8030
2647
2111
770
2135
1541
4416
4939
8932
1169
4368
9732
6228
2853
701
4097
5596
2094
603
751
3564
6908
6919
650
2546
4659
8003
7506
5365
2932
2530
7056
7195
1902
3356
177
7061
6856
7827
672
1671
1894
2751
6392
1318
8233
3279
3399
7730
1339
7665
4946
8742
858
7123
1389
4327
806
8689
500
2287
6937
2233
5474
2290
4920
2753
5913
1434
734
9285
4764
8205
1411
9641
6452
9984
5217
9605
1679
107
89
8822
6691
6992
4454
7714
6581
833
6530
8208
6622
3788
5228
569
4132
1038
5546
2279
8224
1287
3674
7757
1494
2760
6355
8236
7515
889
6610
4486
612
6160
4767
5307
16
9119
2686
7141
2914
6603
7695
4154
9434
892
5445
9354
5015
6601
1803
444
391
8762
9002
5083
8230
7299
1222
9080
6060
5863
7127
4032
3087
7180
8921
3324
677
8377
8240
3880
2365
1422
2522
6120
5084
9294
2071
3271
2690
3988
8159
9261
688
9023
8525
9269
5192
5914
5298
9770
3512
9955
5729
3095
359
7489
1369
1818
5394
1474
2097
8335
803
9088
7516
6832
3792
9120
6837
6559
8418
5248
5807
4056
5157
6594
4313
6264
9146
9241
3840
8767
9380
2142
351
2448
9390
902
4855
5587
4416
1478
2753
5731
3037
8738
155
9885
892
7846
4017
1923
6979
8448
5940
1137
6208
6096
1613
5205
6052
3922
8516
8304
6465
1719
8
684
5384
3481
208
8750
2403
7652
9082
4971
9310
3694
3331
9076
2458
1388
5595
6670
1175
5450
1049
8313
2036
2411
7905
2145
7654
2110
2105
1400
3142
5334
9278
5839
4526
7572
1013
3567
2628
7189
1822
8481
8237
2865
6559
4344
487
8351
1325
1075
9038
3467
9217
3259
1859
5255
3078
7256
7019
5999
2454
7973
7707
9699
180
1748
1910
2141
3787
9607
9502
3868
8703
8021
1189
9677
8932
9311
2664
2446
8663
3976
8735
5415
6427
4740
1977
3162
5749
507
8014
2410
693
5053
9798
4964
6425
4124
9657
4386
8666
8273
4420
8625
8198
1478
3123
3545
8841
5420
1688
8065
7594
584
6160
4049
1874
1685
7652
1887
708
819
3737
2402
8704
6102
3887
3748
5057
1362
242
7649
5596
7670
9920
7037
6919
5638
4854
8885
5454
7677
9175
4030
5332
7533
230
4895
1291
5107
5805
2222
2500
3698
8887
934
854
4431
9838
846
467
5074
4
613
1036
2836
7170
8716
5633
9928
1777
6666
6944
6998
9130
492
5909
149
870
2961
3274
7883
3538
2224
138
2345
1080
1554
4984
5720
5537
8585
5801
5347
7859
2787
164
6315
1775
3621
8921
6139
4032
3498
486
4154
5983
4011
9639
6947
4696
8247
3621
7378
7472
8860
7951
7238
6115
1137
7648
4637
6599
2858
6743
5726
4203
1281
9596
4085
2897
286
3461
9125
3113
3261
9005
316
2207
5783
7478
6357
3393
5038
2680
5925
8908
4062
7559
9199
2181
9659
8627
565
8133
4815
2686
2934
5012
3872
5606
1840
706
957
9955
3478
9926
6274
9682
9205
494
8046
5254
671
9789
9987
698
4157
9809
201
5991
925
8009
5
9681
7425
3586
3216
281
6300
6143
3356
2864
6617
7141
8648
3677
1181
9286
1001
9222
5843
5510
3638
2783
2222
6622
3991
6184
2185
4598
9971
4923
2010
9973
2824
2571
2598
5659
2458
4373
1935
2817
8190
8672
8783
4999
1106
8660
5231
5869
3296
873
6904
217
3728
2876
6790
3008
2847
2278
3636
2781
5688
6059
2432
3130
1419
1339
9962
4283
1252
1315
6615
9314
4426
7709
9368
340
6691
518
4251
6599
8189
8211
7668
1765
8705
5215
9228
3594
1711
6126
7536
7387
3006
7643
9524
1214
1675
3839
2011
6676
6976
9671
6405
3851
3926
2295
7748
3213
7179
2893
3068
4486
9209
677
577
1956
7235
124
6320
5418
8330
6266
3045
4233
4043
7098
3416
568
2031
7530
6091
4465
685
3297
5003
3657
3880
3144
4688
1706
2464
2543
4268
8912
251
5870
387
7275
8481
7218
1865
7455
79
3019
2047
7002
4924
4806
5959
3026
8481
4529
9733
2881
7792
1807
6810
5251
2596
5642
5725
4308
2185
8058
5736
7351
4973
3609
931
3496
2484
3932
8989
7867
9770
6891
4593
3148
2735
4012
8121
2735
9629
916
86
7020
9401
3421
9729
4903
6593
6625
9912
5603
9266
7212
9163
3550
8738
6738
8479
9856
3714
8938
4677
3937
5270
9976
2183
5619
6894
1871
859
1928
6768
5301
2449
177
9321
5196
2692
4305
3976
6662
8910
272
363
7942
4535
7143
8098
3699
6695
7796
2778
5439
1538
9710
7887
5378
3921
5396
9937
6619
4477
639
4009
1649
2915
9255
1726
5639
2905
6423
9104
2854
1431
425
8236
7968
5599
9713
2810
7859
8202
9280
1300
9355
1796
6323
4563
9630
498
9863
2712
5880
1446
5364
3441
1360
101
2232
4495
4704
7834
6552
3540
7133
8034
1247
1022
8039
1300
2307
5396
8595
7747
9676
4958
7381
8505
28
8843
3125
1047
1986
8994
1108
7711
1670
339
9610
997
2715
3202
6175
6903
3570
8300
5075
1269
9969
3438
3816
8201
9381
3239
9140
1968
214
9688
9935
8990
2919
5642
3558
7835
5316
4511
3158
7472
5743
3401
946
5901
6547
784
7421
7929
6376
2383
214
6179
3155
4879
1384
8875
4210
8221
6180
758
5008
6053
3986
5519
1346
4798
7371
3814
9817
5383
3993
6442
9886
5034
9143
7466
5499
7862
1547
3276
532
2597
8873
6148
7315
9450
1402
1278
724
8898
6216
5235
7656
6776
767
8197
7029
8409
4208
8022
3510
976
9520
8578
6966
6669
6317
8842
3020
8728
6921
743
99
9662
491
9103
7830
2895
6881
4093
6803
215
3680
7316
2402
2431
3367
5090
5861
6969
9376
3834
4934
6174
8567
1293
8793
4124
6294
5926
7069
8005
9083
4172
9668
5621
8471
9067
1204
1453
9596
3057
4011
5757
5809
5886
4878
311
9209
4572
9419
9285
9320
5070
1437
8057
2979
4143
3464
7999
7239
8706
5008
2956
39
8784
1582
7519
6526
8062
5637
7616
133
3257
8775
7548
9277
4572
7403
1447
2410
4901
4155
1187
5093
4942
8276
2000
3861
5988
6630
4117
8544
6713
5570
6473
9937
6248
3361
2391
5535
3369
4912
7815
6568
2410
14
8376
3589
6119
3865
796
1026
6023
3294
8022
8850
2870
3547
2181
8945
5636
1729
9000
6969
3573
2895
5716
6130
4466
315
8520
5909
5132
607
7008
6775
115
8211
1669
6221
8367
9170
5597
4173
8599
6420
5949
8338
4136
3928
1511
6094
957
4150
5379
7047
5656
7640
1426
4610
7090
8360
8000
465
9318
7627
5186
9372
8083
924
3901
4536
6828
8254
6883
4039
5258
1764
7005
4397
7393
6249
5966
7935
1476
4349
2756
743
9834
155
2897
8842
7772
2020
5579
2803
1030
8058
796
8299
6342
9755
4544
9440
8868
9675
9166
7773
9084
6178
2979
6470
5029
9875
8344
2631
9444
4906
7992
1369
5334
730
3615
964
4126
2630
8795
6199
3167
8331
6076
6024
423
3752
8556
5805
4488
8771
3277
4262
4320
7817
3061
1121
1380
4916
6431
5778
4380
6536
944
6762
4698
1915
2558
381
6429
1737
4398
7995
5439
4724
9303
389
4515
4263
6404
4650
8707
5387
7379
782
4304
6501
286
8559
3794
1254
581
8439
6102
8032
131
6717
8839
7910
6161
4740
6043
4691
6063
4510
8734
2169
8954
82
5607
6238
6638
2079
543
1175
1135
4546
1630
6789
1766
2172
1547
3387
5713
6315
1218
5166
3452
9678
1203
6021
5949
8281
8564
9430
8393
1444
9830
1385
4786
3748
3594
966
5987
9971
3608
1463
8051
4118
5539
8732
7713
6066
7612
6103
2716
5040
8106
3527
8930
3684
6031
5192
6827
2581
6702
5468
2207
4805
1470
9333
826
7727
2372
5265
2012
3438
3287
6694
969
5724
1530
1335
4249
5613
8279
5964
4277
6612
5366
309
503
6580
5724
6603
1041
4669
7877
8073
6125
7331
2780
7988
5275
7429
6899
2121
3284
32
5532
8438
5738
9438
8202
3705
5003
6010
5622
3617
115
1965
8749
40
3852
479
2304
1341
2796
7540
1555
2639
9432
5425
5037
6434
2329
7342
1242
7761
2106
5717
2251
4967
8041
251
6323
8900
6502
3840
7826
1921
6631
4658
1562
9261
7267
5484
7986
138
8547
8033
1302
4255
1238
1604
7800
1278
910
4668
2590
179
4779
2589
8302
1412
8388
9030
5122
5469
2349
6647
2361
4897
5978
713
3550
5149
2555
7667
9841
187
7946
7106
6563
7473
925
7443
375
383
5316
1595
6257
4109
4400
3368
5086
9480
271
8348
811
1689
1186
5512
7003
2499
9536
9574
3256
3080
984
6312
3571
4015
453
7490
9177
1267
4882
2034
3653
4925
2781
1206
6645
7435
1200
7631
5743
1744
6489
8208
2335
7503
3453
5642
3719
6203
806
1204
8855
8148
9267
5403
1376
5443
2622
3719
9608
4185
4535
960
7276
4765
2948
2013
9201
4056
5426
4820
6950
5509
8630
6643
9342
9139
1934
9968
386
415
2721
4315
2467
5617
585
4386
8928
7600
1036
9555
7909
4705
653
757
7178
2148
4263
6129
8336
8189
7757
8993
2317
1238
4722
201
7383
1441
1085
743
5382
4705
4361
732
2943
5329
5650
3170
6450
8019
5917
7785
4412
1775
8959
3908
8458
8717
2276
6070
6332
5121
2260
343
2392
557
45
9314
5344
2886
162
4156
8
1856
2096
880
2133
5049
8808
6408
8885
5798
396
7407
5139
561
2018
9325
8615
847
4857
5192
8214
3406
6888
8468
6256
8830
6110
3548
95
8294
5134
2953
3780
6737
129
5423
9625
7764
4173
2014
179
5834
445
3197
6950
8376
2420
3350
6134
8305
9331
6760
7609
3504
6515
2406
9734
7296
2799
1734
3373
4241
4376
2057
7559
990
5465
8013
967
7916
6817
8953
6656
5123
477
2657
7407
5820
2250
6257
9420
1224
6523
6649
8578
7872
3507
2420
5195
9786
8669
1990
5886
2164
3169
2208
9537
8548
2283
4190
4354
1591
3977
9282
4504
6134
9612
5350
4371
8100
3848
9271
1087
401
6716
4680
8421
7492
837
8544
7961
9004
4427
6612
3648
4158
1973
6604
9080
6960
736
1408
810
5648
1324
9449
6351
2256
3596
9614
321
1556
6859
7085
2594
5914
2525
9587
6463
9852
2739
890
4312
7382
4558
6862
1541
6473
3496
5548
3413
9552
5147
5187
2824
794
9248
5854
1957
304
7399
1661
6408
382
6567
887
4241
9059
3687
2613
3815
3367
7897
6710
6101
7504
2124
2631
9096
5704
3553
4109
2164
3390
6638
6415
6484
3604
4205
9665
7990
5112
3465
2056
1222
8530
8524
6902
5505
2610
8762
4751
9112
3249
176
9213
6959
7099
1728
1987
3513
2677
711
7788
4755
8083
5157
4764
2073
2488
84
5888
1920
1182
633
4584
9300
1828
4469
5435
735
4394
8748
2602
5226
3819
1889
3146
5112
3606
5639
5601
4892
9030
9725
1189
5650
387
5932
3249
8146
2602
4623
1701
5006
6408
8719
2494
4349
5280
4525
5417
5203
9192
7611
7879
1958
2265
4610
2126
7796
3310
8077
1067
8708
1490
3761
4701
2445
9645
5326
8921
4089
4702
5864
9046
9383
2875
3763
7130
2203
562
701
9477
6493
3957
4731
5535
9705
8848
2518
2738
2268
46
2677
2091
498
8843
411
4186
1821
9040
1122
4687
6142
2952
3642
6470
4260
9721
8939
3942
8504
8721
6672
4497
6253
1352
4260
5529
9102
8552
3285
381
8429
8474
8095
7576
7782
6605
6496
8679
8342
7665
2206
7267
1913
6663
1118
5238
6205
3074
6133
883
6108
3064
8847
2697
7296
6613
6393
3222
1645
9177
1501
1881
8040
6924
6801
5577
4208
4377
6655
1091
1104
8425
2673
6280
8358
992
1349
4687
8548
8057
3180
4185
7221
7241
3739
8217
1048
2722
5552
3410
6287
878
9638
9855
5543
4817
2017
7153
925
913
730
6919
3238
6745
5349
9470
8242
1577
3897
1854
4872
7866
1765
6519
5258
3527
6606
4203
356
8916
495
2979
7013
2156
1555
3837
5483
9644
7831
5085
184
1862
4929
5971
9264
5108
9718
9055
77
8119
6476
352
1614
4914
994
2542
1432
6295
6396
5412
2637
7500
1318
7211
6386
7281
3542
3161
1535
8529
7472
2495
6159
5224
1794
2090
5296
8412
9273
4216
6533
1914
6641
3504
4760
9051
1624
6821
1064
5692
1975
1319
8389
3991
8396
4703
78
174
7897
6600
2124
9353
4746
6331
8002
9493
3939
5891
7101
5143
3274
4720
6330
2322
8513
6740
5654
7847
5957
9142
4629
6500
4640
4725
45
5578
8215
5933
7371
9727
4053
3763
7654
6452
3638
748
122
9490
6596
5507
1004
9372
7924
664
4605
7190
9546
4249
893
3954
8402
2200
8517
7202
1932
890
6184
2904
1138
455
2637
1566
2233
3254
4339
5882
1081
5363
4690
4906
3933
336
2650
8574
1956
3370
6752
2215
2331
4887
1333
4531
1695
6681
533
4234
7726
2153
6094
168
6068
7719
2795
1270
4652
2582
9629
5265
7885
3401
1367
6523
4175
2807
8617
2262
1638
2397
744
4252
6438
2345
5200
7742
3789
8709
5110
6441
3617
3079
9679
8545
7037
6540
5746
4020
9254
4835
4244
3185
2831
4710
9268
5145
8506
3139
5877
6444
187
3693
2931
3572
5301
4574
289
1327
406
4698
3262
4726
6598
1098
7729
7930
6704
8182
4775
5709
990
7110
5808
3179
4931
8678
6145
8215
8760
2122
4111
8901
6603
3881
2307
60
3138
7470
280
8237
8250
8564
2251
1886
8014
7665
7530
2001
1766
8087
3947
485
5632
5697
9081
7276
8850
2015
9795
9133
8908
6899
5876
286
8912
5673
8266
8360
6913
7814
145
4347
3889
6340
9992
7659
8823
4916
8836
1599
5289
1235
9462
9748
1132
3024
7794
4124
8491
6431
6703
4263
5323
4754
9623
6042
6825
9420
6824
6970
8334
469
5659
3231
3298
3159
9176
3949
6131
2842
5185
1435
946
6130
1998
7583
1512
1364
3094
6673
3750
1186
2902
2643
849
9912
566
4136
8812
5796
321
6271
894
4840
2018
3016
7068
7629
6126
5260
6022
1965
5569
5109
4172
2425
5026
7651
8301
8292
3576
4439
5426
5532
2068
3385
7640
8346
4403
3624
8588
4609
5602
516
6947
5584
6549
298
6274
8585
9373
9320
7682
6520
1457
3461
5235
7183
4101
6512
4506
8902
1925
5332
3303
6033
5837
5770
3808
5589
8889
9025
6016
4754
5673
8754
9827
2589
531
6137
4017
9229
2962
2898
3800
3153
4168
1226
9217
4760
2132
8403
6123
9787
3164
2059
2394
3767
1347
7043
8845
2558
8259
5524
7419
289
9829
9699
6003
5196
5110
9113
7618
3647
9488
7821
2271
120
7595
7024
7912
5329
5628
6457
6188
9771
9490
8091
2343
6413
1009
2899
2839
4382
5506
9989
314
7652
7270
5551
2273
5691
6321
460
6486
714
7854
2181
4179
1991
1282
1667
8641
7037
6920
5368
6369
2400
6727
8209
5003
224
9507
5665
4485
7241
7506
2811
7549
9005
9178
9760
3000
7053
4208
6264
645
381
751
1743
3071
4875
8854
9776
4970
6790
7355
499
1089
5192
7369
8609
5163
6873
3021
5179
2875
8209
7998
5567
5868
6714
4285
3730
2386
9953
1047
1739
4927
7338
6881
6546
528
7137
6794
9734
4356
4677
6480
8444
9201
647
5227
1589
9456
193
5676
7363
8083
3109
3412
9495
3877
3959
2909
7475
6781
4018
3674
2564
3825
7073
2885
7697
3008
631
8574
6949
7698
7017
2186
4022
8189
4008
6687
9801
8416
7792
8220
5491
5538
7374
6556
9801
4430
6483
4467
9216
2037
8347
4904
8301
2017
9299
15
9364
4998
7445
9140
5439
5805
3052
6837
8727
5917
2786
3551
5068
6708
2553
3929
9154
9187
4914
3145
778
6432
464
3472
8927
897
6293
9066
2871
5550
3776
523
959
3439
7142
4744
2739
7775
262
4380
5619
4913
3041
2501
6783
6518
9021
6733
5919
8444
9996
6188
6745
1050
1531
8995
825
5427
9494
6628
7112
8686
3508
8782
4526
8450
9519
3133
3127
6297
3316
3421
5662
4192
7422
6148
4868
9111
9665
6578
683
3932
7122
3222
3811
7338
9902
2614
9799
9481
6165
2929
8397
1418
327
2127
2312
5337
7869
9082
4175
4853
1661
1286
505
3623
9960
687
2309
9546
6031
7007
7723
7010
3928
1406
7459
2288
6663
9832
6798
6212
8653
6011
2335
2642
7858
6432
9545
2890
7755
286
1609
1848
735
4054
6709
5825
2624
5162
2258
9566
9768
9967
442
8093
2081
5455
942
275
6176
9979
8151
5616
5238
8552
1527
4002
6866
1403
7397
2972
6283
8601
7503
6647
1818
7567
6422
615
8636
7319
4710
3639
8550
2853
3807
8760
1186
3432
9514
6934
9621
9580
3836
7119
1205
8905
6403
9394
7989
605
1151
6397
6895
1633
6784
2521
5516
4421
9494
6983
7534
1070
7742
3174
1868
2761
4489
2646
702
5396
5468
2440
4668
4213
9703
2202
4167
6231
3129
5131
6851
1213
8556
92
4659
9684
7060
1523
3876
1927
2046
7612
7006
557
8334
3898
1710
2987
3691
133
4867
9890
8999
9212
6288
3831
8628
2065
8643
4738
3577
5781
6558
8493
3384
557
7074
3049
6769
6258
6138
6055
6473
941
6475
5815
7747
1388
3131
6735
7674
1820
5627
3290
9889
9017
3691
6568
5623
5330
4901
2024
2373
660
2578
9999
9177
8605
5378
4658
6649
3585
3108
6346
7901
5756
7437
5035
6485
9787
9688
3068
981
5788
8577
7004
5012
4501
8398
6021
1888
780
7054
6517
6011
5994
5004
4511
8192
395
1367
3079
9525
5222
5183
6811
2086
3332
5569
8438
3815
8660
8778
68
7354
3655
6906
7518
6657
129
8448
7004
2806
145
5414
9017
9040
7747
3198
689
540
9759
4723
863
3420
266
8988
7800
9759
2106
9583
8738
6865
3034
1845
242
3342
414
8354
4298
6673
7541
3735
4785
4888
5918
8106
3344
2320
105
7819
459
8525
6806
5843
3251
2984
4633
7664
3847
2417
9890
1844
3218
4291
1591
4476
3134
9615
3063
170
543
1433
313
7481
2794
6659
9219
6941
1080
8344
4632
5233
2123
1167
7827
9182
2225
4243
2409
9776
2496
4556
8628
5747
2395
9510
8030
1376
182
4964
3030
7089
1789
2619
3150
8841
3810
8491
2687
2538
5421
8642
5087
9311
8193
3933
1484
2106
909
7674
4110
1858
9100
7353
6688
4845
302
8511
587
1230
6790
7998
7377
7304
7363
8832
473
1635
9626
6383
3421
3718
9126
8240
2907
5598
2961
8659
6286
4243
3330
4589
6863
9596
2599
8794
3693
8745
1358
7229
4730
6445
6630
1539
3799
1455
9690
3010
9437
4222
4187
4683
957
6143
1565
2202
8346
2877
4784
8661
4358
2352
4524
1851
1501
2633
7269
5240
2891
748
8844
3495
4004
2776
3170
4711
4413
9622
6453
681
2349
5503
5208
2758
5283
5218
9874
9238
2295
7111
8104
4050
6499
5694
5995
9902
1565
8017
5458
9452
6069
2264
9988
8550
4053
3833
3434
7725
3331
1327
600
4027
3511
2052
9267
608
9889
8253
9210
7379
3743
2766
191
2241
3523
6912
1525
9120
9229
7279
6288
44
5995
8969
2636
3134
4799
5474
8975
4357
3026
3541
3212
6769
5474
1389
5371
8424
4869
882
7105
6725
7924
6520
7609
8650
8898
3422
8340
9482
3131
2135
5338
7397
1414
3728
8542
3149
5785
5079
9094
7122
4489
1706
4208
4877
9700
6377
2011
5098
5047
2732
6924
4267
116
8350
7421
2594
7667
4305
8619
8566
3125
3838
307
1007
9570
1277
8246
9881
9684
702
1265
149
6166
8754
5916
8097
6646
5759
2673
667
8150
7362
5425
5771
103
5010
8103
3387
6663
7713
6362
2856
6942
1148
7646
3286
1274
9654
2557
9800
8973
5119
3802
4741
6696
7145
4486
7295
258
5822
4847
7712
8021
1453
9417
9741
2312
886
5201
1622
1008
3781
4608
7379
3768
1938
5174
4805
3509
3402
5648
8936
771
9744
5746
2638
6432
8904
4160
2631
1881
8198
7500
6699
7865
8254
6525
8447
6598
1232
6701
659
1907
8047
8004
8658
9734
3440
5662
5980
4573
3515
4732
6808
4834
3437
8979
1973
2746
8671
9389
7543
8581
8795
2024
263
8544
292
5049
1023
4709
2793
3138
3302
725
378
5721
5983
322
6115
6406
208
6767
9153
1363
4942
9727
1188
7567
925
4134
4757
9805
3557
883
2864
1672
1443
6896
6334
7935
3641
7405
6811
7421
8674
4356
4403
9730
6007
4684
6161
9763
3446
1611
6105
9316
4949
2148
7696
9323
4062
8102
3208
3048
916
4920
1192
4460
855
9112
7611
5838
1746
7242
9410
9390
4286
6885
2463
3426
5660
6875
1651
9674
5237
2609
7021
4089
1172
4423
815
4607
6387
7846
9877
430
29
4002
2441
4548
7817
4135
8296
4292
9370
2026
4368
100
8301
2529
1053
5598
8382
8999
7306
9158
6174
553
8393
8991
2911
5163
9893
7343
74
2712
5504
473
8740
4593
6603
7102
414
2106
5244
9976
514
3926
3269
829
6995
4880
1786
4761
8679
1274
2900
3780
6823
6353
9298
2840
1214
8083
3992
3267
8899
7462
8802
5275
421
1702
4601
1626
9514
2852
1986
1093
7596
9248
8038
1813
2411
7423
2860
8829
9999
4003
295
6109
3077
6428
6894
4258
5235
3992
4991
403
5371
5309
2553
4747
7878
8696
9016
8776
1724
9404
1984
6835
1974
3884
862
5709
5212
356
6027
5150
923
6466
4116
6133
2964
5613
3682
7574
3168
936
567
6761
5550
9757
7712
3688
8084
6517
950
5648
6291
1566
6142
960
1538
9414
6487
784
7725
8691
4081
5881
4688
7725
1052
2668
9901
2622
1520
5320
2750
7517
2068
266
6575
220
517
6723
2728
7321
8021
4541
956
4509
9572
4473
373
4875
1906
8829
2183
6646
3844
3728
7015
4336
2791
730
7385
3043
7393
2336
6330
4365
2258
5908
1867
6438
7608
6078
9590
7522
8490
203
1744
7415
2626
2396
5489
9200
8425
2804
9160
3328
9665
3023
7271
9987
7589
9897
138
4871
5949
6470
5516
8786
7957
5129
9047
6674
4154
7222
9727
5264
6520
543
1706
7159
1177
9653
5628
9313
1114
9202
1207
4700
2424
1164
7945
2042
5475
8633
6693
1584
3782
886
384
7560
2549
2421
5534
4705
9985
7353
5491
7290
3572
5831
3600
2023
1164
1046
7132
8891
634
150
6674
6847
9048
5403
7440
9995
2082
9603
8428
7755
483
2971
8263
2916
3389
4168
6851
604
8737
1732
4354
240
927
1367
1525
456
2389
343
1889
2795
2460
222
8736
5517
7529
9982
1197
854
6116
950
40
2205
1442
4838
7088
6664
9080
4700
2614
305
5001
2876
3568
1356
8348
8629
6493
9869
6579
3457
2347
2155
8474
2996
4610
6966
2455
8626
6129
6421
5454
8563
6471
3694
7411
444
8328
7492
1638
4580
5228
8961
4482
7600
630
3597
3873
9895
953
475
4700
733
8600
5130
5948
2324
9969
5079
6047
7383
3379
7496
6880
4310
1276
4149
5822
4294
4471
6428
8541
6121
6270
3091
2160
6908
4581
181
9733
1349
7252
9158
8531
3337
2536
8321
8908
3334
3546
9788
9701
2820
4397
9994
4451
5254
1434
4438
8867
6755
6097
5468
9658
1120
5568
6513
3470
3737
3119
3526
9415
9653
5052
8391
1496
8741
4069
3860
6880
8157
6947
1778
1041
567
5344
7976
1490
8844
3611
7675
3333
975
3512
4360
4064
5828
7983
5074
3477
3555
527
3616
851
7005
2681
5188
3751
316
4429
7151
6019
1385
